[gd_scene load_steps=17 format=3 uid="uid://cr6l7lhloe0kt"]

[ext_resource type="PackedScene" uid="uid://dt20m2b8tfyn8" path="res://Assets/Characters/Mannequin/mannequiny.glb" id="1_v75g4"]

[sub_resource type="CapsuleShape3D" id="CapsuleShape3D_3k6wp"]
radius = 0.100282
height = 0.265375

[sub_resource type="CapsuleShape3D" id="CapsuleShape3D_qm7rm"]
radius = 0.0901122
height = 0.389355

[sub_resource type="CapsuleShape3D" id="CapsuleShape3D_sexc1"]
radius = 0.0773761
height = 0.427942

[sub_resource type="CapsuleShape3D" id="CapsuleShape3D_o5wrk"]
radius = 0.0837365
height = 0.301984

[sub_resource type="CapsuleShape3D" id="CapsuleShape3D_r2gio"]
radius = 0.0983628
height = 0.389355

[sub_resource type="CapsuleShape3D" id="CapsuleShape3D_dbhe8"]
radius = 0.0751774
height = 0.427941

[sub_resource type="CapsuleShape3D" id="CapsuleShape3D_egmoc"]
radius = 0.117613
height = 0.273564

[sub_resource type="CapsuleShape3D" id="CapsuleShape3D_od31o"]
radius = 0.169474
height = 0.338948

[sub_resource type="CapsuleShape3D" id="CapsuleShape3D_dtkvi"]
radius = 0.0509595
height = 0.101919

[sub_resource type="CapsuleShape3D" id="CapsuleShape3D_bc3ya"]
radius = 0.0564739
height = 0.261983

[sub_resource type="CapsuleShape3D" id="CapsuleShape3D_msd0i"]
radius = 0.0387163
height = 0.207321

[sub_resource type="CapsuleShape3D" id="CapsuleShape3D_bqyip"]
radius = 0.0604991
height = 0.124702

[sub_resource type="CapsuleShape3D" id="CapsuleShape3D_ohv7f"]
radius = 0.0488786
height = 0.261983

[sub_resource type="CapsuleShape3D" id="CapsuleShape3D_05njf"]
radius = 0.0437043
height = 0.207321

[sub_resource type="CapsuleShape3D" id="CapsuleShape3D_waj5e"]
radius = 0.0495861
height = 0.122538

[node name="mannequiny" instance=ExtResource("1_v75g4")]

[node name="Skeleton3D" parent="root" index="0"]
bones/0/position = Vector3(-0.00730742, 0.965587, 0.255488)
bones/0/rotation = Quaternion(0.130706, 0.14469, -0.0101098, 0.980754)
bones/1/rotation = Quaternion(0.752712, 0.0995234, 0.650568, 0.0167692)
bones/1/scale = Vector3(0.999998, 1.02686, 1)
bones/2/rotation = Quaternion(-3.89395e-05, 5.43673e-05, 0.0025685, 0.999997)
bones/2/scale = Vector3(0.999999, 1, 1)
bones/3/rotation = Quaternion(0.281428, 0.531861, -0.312922, 0.734848)
bones/3/scale = Vector3(0.999294, 0.989381, 0.986005)
bones/4/position = Vector3(0.00172384, 0.12762, -0.00308564)
bones/4/rotation = Quaternion(0.103988, 0.943058, 0.314927, -0.0254771)
bones/4/scale = Vector3(1.00017, 0.987546, 1.01213)
bones/5/rotation = Quaternion(0.994145, -0.0383571, -0.0135454, 0.100101)
bones/5/scale = Vector3(0.999997, 1.00873, 0.999999)
bones/6/position = Vector3(1.54008e-06, 0.389355, 3.15617e-07)
bones/6/rotation = Quaternion(3.23881e-06, 2.1178e-05, 0.00260432, -0.999997)
bones/6/scale = Vector3(1, 1, 1)
bones/7/rotation = Quaternion(0.126695, -0.84253, 0.368145, 0.372237)
bones/7/scale = Vector3(0.999927, 0.995861, 0.995605)
bones/8/position = Vector3(-0.000897256, 0.127664, -0.000801948)
bones/8/rotation = Quaternion(-0.0582583, 0.946245, 0.318055, 0.00822996)
bones/8/scale = Vector3(1.00002, 0.995839, 1.00414)
bones/9/rotation = Quaternion(-0.121236, -0.147591, 0.0121751, 0.981514)
bones/10/rotation = Quaternion(-0.0705581, 0.00329319, 0.000232941, 0.997502)
bones/11/rotation = Quaternion(0.313699, 0.00638646, 0.0021101, 0.949499)
bones/12/rotation = Quaternion(-0.168872, -0.00666194, -0.00113373, 0.985615)
bones/13/rotation = Quaternion(-0.467277, 0.609856, -0.507862, -0.389621)
bones/14/rotation = Quaternion(0.42837, 0.52198, 0.368373, 0.639013)
bones/15/rotation = Quaternion(0.31447, 0.12736, 0.235121, 0.910827)
bones/16/rotation = Quaternion(0.0597025, 0.282937, -0.0126083, 0.957196)
bones/17/position = Vector3(-0.0491646, 0.0500859, -0.00461843)
bones/17/rotation = Quaternion(0.0464702, -0.786923, 0.317009, 0.52735)
bones/17/scale = Vector3(1.00001, 0.999984, 1)
bones/18/position = Vector3(2.88663e-07, 0.0210911, 8.98888e-07)
bones/18/rotation = Quaternion(-0.0242228, -0.306659, 0.0625978, 0.94945)
bones/18/scale = Vector3(0.99999, 0.999995, 1.00001)
bones/19/rotation = Quaternion(-0.00920785, 0.438728, 0.00859625, 0.898531)
bones/19/scale = Vector3(1.00001, 1, 0.99999)
bones/20/position = Vector3(0.0245621, 0.0860409, -0.00147576)
bones/20/rotation = Quaternion(-0.713082, 0.123797, -0.0283309, 0.689482)
bones/21/rotation = Quaternion(-0.585504, -0.0205069, 0.00930371, 0.810357)
bones/21/scale = Vector3(1, 1.00002, 0.999983)
bones/22/rotation = Quaternion(-0.587469, -0.00381376, -0.00984869, 0.809178)
bones/22/scale = Vector3(0.999999, 0.999987, 1.00001)
bones/23/position = Vector3(-0.00260177, 0.0868646, 0.00038214)
bones/23/rotation = Quaternion(-0.450182, 0.161463, -0.0363564, 0.877464)
bones/23/scale = Vector3(1, 0.999975, 1.00002)
bones/24/rotation = Quaternion(-0.64571, -0.00769499, -0.0194433, 0.763297)
bones/25/rotation = Quaternion(-0.639766, -0.0177411, -0.0200564, 0.768103)
bones/26/position = Vector3(-0.0322425, 0.0834219, -0.00188275)
bones/26/rotation = Quaternion(-0.425603, 0.144516, -0.0385396, 0.892464)
bones/26/scale = Vector3(1, 0.999974, 1.00002)
bones/27/rotation = Quaternion(-0.583527, 0.00193091, -0.0536865, 0.810315)
bones/28/rotation = Quaternion(-0.59928, 0.00781382, -0.029632, 0.799953)
bones/29/rotation = Quaternion(0.467313, 0.609925, -0.507692, 0.389691)
bones/30/rotation = Quaternion(0.430092, -0.521307, -0.36932, 0.637858)
bones/31/rotation = Quaternion(0.314453, -0.127393, -0.235206, 0.910807)
bones/32/rotation = Quaternion(0.0597437, -0.282776, 0.0129689, 0.957236)
bones/33/rotation = Quaternion(0.046703, 0.787035, -0.316929, 0.52721)
bones/34/rotation = Quaternion(-0.0241585, 0.306849, -0.0624171, 0.949402)
bones/35/rotation = Quaternion(-0.00919865, -0.43853, -0.0083645, 0.898631)
bones/36/rotation = Quaternion(-0.713035, -0.123602, 0.0292086, 0.68953)
bones/37/rotation = Quaternion(-0.585551, 0.0207869, -0.00922037, 0.810316)
bones/39/rotation = Quaternion(-0.450104, -0.161248, 0.0368453, 0.877524)
bones/40/rotation = Quaternion(-0.645696, 0.00768163, 0.0197525, 0.763301)
bones/41/rotation = Quaternion(-0.639762, 0.0177705, 0.0203457, 0.768098)
bones/42/rotation = Quaternion(-0.425481, -0.144288, 0.0390203, 0.892538)
bones/43/rotation = Quaternion(-0.583503, -0.00190842, 0.0540069, 0.810311)
bones/44/rotation = Quaternion(-0.599265, -0.00776477, 0.0298958, 0.799954)

[node name="Physical Bone pelvis" type="PhysicalBone3D" parent="root/Skeleton3D" index="1"]
transform = Transform3D(0.235704, 0.295521, -0.925839, -0.259916, 0.937177, 0.232972, 0.936484, 0.185689, 0.297687, 0.0414463, 0.953297, 0.239829)
joint_offset = Transform3D(1, 0, 0, 0, 1, 0, 0, 0, 1, -2.16791e-05, 1.7094e-05, 0.052659)
body_offset = Transform3D(-0.0471496, 0.246759, -0.967966, -3.61651e-05, 0.969065, 0.247036, 0.998945, 0.0116448, -0.0456761, 0.0509669, -0.0130252, 0.00242671)
bone_name = "pelvis"

[node name="CollisionShape3D" type="CollisionShape3D" parent="root/Skeleton3D/Physical Bone pelvis" index="0"]
transform = Transform3D(0.992534, 0.121815, -0.00530859, -0.0343532, 0.321151, 0.946403, 0.116991, -0.93916, 0.322938, -0.0102193, 0.0173415, 0.0651442)
shape = SubResource("CapsuleShape3D_3k6wp")

[node name="Physical Bone thighl" type="PhysicalBone3D" parent="root/Skeleton3D" index="2"]
transform = Transform3D(0.40225, 0.904355, -0.112585, -0.0837682, 0.158005, 1.0102, 0.878477, -0.396404, 0.145791, 0.112105, 0.744418, 0.195762)
joint_type = 1
joint_offset = Transform3D(1, 0, 0, 0, 1, 0, 0, 0, 1, 2.67505e-07, 8.10222e-07, 0.194651)
body_offset = Transform3D(0.969814, -1.10269e-06, -5.54323e-06, 0.0017358, 3.01749e-06, -0.999992, 0.00231105, 0.999981, 1.07624e-05, 8.19564e-07, 0.194649, -2.90573e-06)
bone_name = "thigh.l"
joint_constraints/bias = 0.3
joint_constraints/damping = 1.0
joint_constraints/impulse_clamp = 0.0

[node name="CollisionShape3D" type="CollisionShape3D" parent="root/Skeleton3D/Physical Bone thighl" index="0"]
transform = Transform3D(1, -2.98023e-08, 0, -1.49012e-07, 5.96046e-08, 1, -1.49012e-08, -1, 3.72529e-08, 0.00314601, -0.00134072, 0.000470757)
shape = SubResource("CapsuleShape3D_qm7rm")

[node name="Physical Bone calfl" type="PhysicalBone3D" parent="root/Skeleton3D" index="3"]
transform = Transform3D(0.412889, 0.904426, -0.110408, -0.0901499, 0.157924, 1.00976, 0.906306, -0.396324, 0.150431, 0.157648, 0.331659, 0.135181)
joint_type = 1
joint_offset = Transform3D(1, 0, 0, 0, 1, 0, 0, 0, 1, 6.05983e-06, 4.36834e-06, 0.213978)
body_offset = Transform3D(1, -1.69873e-06, 1.20699e-06, 7.7486e-07, -7.00355e-07, -0.999998, 1.40071e-06, 1, -6.34789e-06, -6.31809e-06, 0.213978, -3.01003e-06)
bone_name = "calf.l"
joint_constraints/bias = 0.3
joint_constraints/damping = 1.0
joint_constraints/impulse_clamp = 0.0

[node name="CollisionShape3D" type="CollisionShape3D" parent="root/Skeleton3D/Physical Bone calfl" index="0"]
transform = Transform3D(1, 0, 0, 0, 0, 1, 0, -1, 0, 0, 0, 0)
shape = SubResource("CapsuleShape3D_sexc1")

[node name="Physical Bone footl" type="PhysicalBone3D" parent="root/Skeleton3D" index="4"]
transform = Transform3D(0.422913, 0.779464, -0.45182, 0.732482, -0.00128475, 0.700261, 0.534787, -0.626616, -0.553952, 0.210117, 0.0709059, 0.138361)
joint_type = 1
joint_offset = Transform3D(1, 0, 0, 0, 1, 0, 0, 0, 1, -3.48433e-07, 6.45822e-08, 0.0638339)
body_offset = Transform3D(-0.0148955, -0.999908, -0.00145385, -2.563e-05, 0.00145808, -1.00001, 0.99995, -0.0148842, -1.99676e-06, 9.2864e-05, 0.0638345, 4.76837e-07)
bone_name = "foot.l"
joint_constraints/bias = 0.3
joint_constraints/damping = 1.0
joint_constraints/impulse_clamp = 0.0

[node name="CollisionShape3D" type="CollisionShape3D" parent="root/Skeleton3D/Physical Bone footl" index="0"]
transform = Transform3D(-0.618442, 0.674003, 0.385226, -0.615157, -0.0893011, -0.793275, -0.491127, -0.732288, 0.469376, -0.00290209, 0.00697304, -0.0480007)
shape = SubResource("CapsuleShape3D_o5wrk")

[node name="Physical Bone thighr" type="PhysicalBone3D" parent="root/Skeleton3D" index="5"]
transform = Transform3D(0.956212, 0.284055, 0.0711597, -0.0794639, 0.0199744, 1.00534, 0.281692, -0.958606, 0.0420371, -0.118905, 0.741618, 0.2744)
joint_type = 1
joint_offset = Transform3D(1, 0, 0, 0, 1, 0, 0, 0, 1, 9.79588e-07, 1.28336e-06, 0.194682)
body_offset = Transform3D(0.816584, 0.577237, 1.87987e-05, 2.70084e-06, 3.48277e-05, -1, -0.577236, 0.816586, 2.69897e-05, -5.20051e-06, 0.194683, -5.73695e-06)
bone_name = "thigh.r"
joint_constraints/bias = 0.3
joint_constraints/damping = 1.0
joint_constraints/impulse_clamp = 0.0

[node name="CollisionShape3D" type="CollisionShape3D" parent="root/Skeleton3D/Physical Bone thighr" index="0"]
transform = Transform3D(1, -2.79397e-09, -2.98023e-08, 0, -3.72529e-09, 1, 6.51926e-09, -1, -3.72529e-09, 0, 0, 0)
shape = SubResource("CapsuleShape3D_r2gio")

[node name="Physical Bone calfr" type="PhysicalBone3D" parent="root/Skeleton3D" index="6"]
transform = Transform3D(0.944976, -0.311195, 0.0662166, -0.0480702, 0.0604723, 1.00543, -0.323074, -0.924161, 0.0437339, -0.146808, 0.331694, 0.256842)
joint_type = 1
joint_offset = Transform3D(1, 0, 0, 0, 1, 0, 0, 0, 1, -6.23428e-05, -2.41469e-05, 0.213054)
body_offset = Transform3D(0.999837, 0.00159386, 2.91318e-06, -1.80425e-05, 0.000222556, -0.99983, 2.68221e-07, 0.977022, 3.86313e-06, 6.17504e-05, 0.213018, 2.2769e-05)
bone_name = "calf.r"
joint_constraints/bias = 0.3
joint_constraints/damping = 1.0
joint_constraints/impulse_clamp = 0.0

[node name="CollisionShape3D" type="CollisionShape3D" parent="root/Skeleton3D/Physical Bone calfr" index="0"]
transform = Transform3D(1, 0, 0, 0, 0, 1, 0, -1, 0, 0, 0, 0)
shape = SubResource("CapsuleShape3D_dbhe8")

[node name="Physical Bone footr" type="PhysicalBone3D" parent="root/Skeleton3D" index="7"]
transform = Transform3D(-0.558985, -0.7564, 0.336976, -0.386637, 0.59921, 0.707239, -0.73398, 0.260878, -0.621678, -0.1826, 0.0704203, 0.287167)
joint_type = 1
joint_offset = Transform3D(1, 0, 0, 0, 1, 0, 0, 0, 1, 1.83185e-06, 2.95813e-06, 0.0638354)
body_offset = Transform3D(0.827096, 0.562052, 0.000171512, 1.2815e-06, 0.00030598, -0.999987, -0.562041, 0.827101, 0.000244379, -1.41263e-05, 0.0638346, -1.70171e-05)
bone_name = "foot.r"
joint_constraints/bias = 0.3
joint_constraints/damping = 1.0
joint_constraints/impulse_clamp = 0.0

[node name="CollisionShape3D" type="CollisionShape3D" parent="root/Skeleton3D/Physical Bone footr" index="0"]
transform = Transform3D(0.786356, -0.490025, 0.376191, -0.112714, 0.484922, 0.867263, -0.607403, -0.724379, 0.326088, -0.005096, -0.00391796, -0.0415238)
shape = SubResource("CapsuleShape3D_o5wrk")

[node name="Physical Bone spine_01" type="PhysicalBone3D" parent="root/Skeleton3D" index="8"]
transform = Transform3D(1.00002, -0.00619493, 0.000596034, 0.000476878, -0.0193178, -0.999521, 0.00620796, 0.999854, -0.0193094, -0.000399951, 1.1505, 0.287771)
joint_type = 1
joint_offset = Transform3D(1, 0, 0, 0, 1, 0, 0, 0, 1, -1.02858e-05, -0.000443687, 0.0687012)
body_offset = Transform3D(1.00004, 1.4049e-06, -6.41368e-07, -1.55669e-07, -2.83867e-06, -0.999708, 7.9209e-07, 1.00006, -4.53182e-06, 1.03309e-05, 0.0686811, 0.000444025)
bone_name = "spine_01"
joint_constraints/bias = 0.3
joint_constraints/damping = 1.0
joint_constraints/impulse_clamp = 0.0

[node name="CollisionShape3D" type="CollisionShape3D" parent="root/Skeleton3D/Physical Bone spine_01" index="0"]
transform = Transform3D(1, 0, 0, 0, 0, 1, 0, -1, 0, 0, 0, 0)
shape = SubResource("CapsuleShape3D_egmoc")

[node name="Physical Bone spine_02" type="PhysicalBone3D" parent="root/Skeleton3D" index="9"]
transform = Transform3D(0.99813, 0.000320433, 0.000648402, 0.000601948, 0.121647, -0.992592, -0.000393762, 0.99277, 0.121657, -0.000554893, 1.38901, 0.274618)
joint_type = 1
joint_offset = Transform3D(1, 0, 0, 0, 1, 0, 0, 0, 1, -1.88546e-06, -5.22628e-06, 0.122995)
body_offset = Transform3D(0.998131, 1.58674e-06, 2.33817e-07, -1.47067e-06, 2.64496e-06, -1.00002, -2.89583e-08, 1.0002, 3.40194e-05, 1.85319e-06, 0.122998, 1.04308e-06)
bone_name = "spine_02"
joint_constraints/bias = 0.3
joint_constraints/damping = 1.0
joint_constraints/impulse_clamp = 0.0

[node name="CollisionShape3D" type="CollisionShape3D" parent="root/Skeleton3D/Physical Bone spine_02" index="0"]
transform = Transform3D(1, 0, 0, 0, 0, 1, 0, -1, 0, 0, 0, 0)
shape = SubResource("CapsuleShape3D_od31o")

[node name="Physical Bone neck_01" type="PhysicalBone3D" parent="root/Skeleton3D" index="10"]
transform = Transform3D(1.00007, 0.0140981, 0.000331442, 0.00724431, -0.493595, -0.869687, -0.0120929, 0.86961, -0.493642, -0.000655941, 1.54719, 0.280144)
joint_type = 1
joint_offset = Transform3D(1, 0, 0, 0, 1, 0, 0, 0, 1, 5.74466e-06, -2.20855e-06, 0.0414993)
body_offset = Transform3D(1.00017, 3.80632e-06, 5.08968e-07, -5.08968e-07, 2.68221e-07, -1.00002, 2.78838e-06, 1.00003, 2.95043e-06, -5.76675e-06, 0.0415001, 2.08616e-06)
bone_name = "neck_01"
joint_constraints/bias = 0.3
joint_constraints/damping = 1.0
joint_constraints/impulse_clamp = 0.0

[node name="CollisionShape3D" type="CollisionShape3D" parent="root/Skeleton3D/Physical Bone neck_01" index="0"]
transform = Transform3D(1, 0, 0, 0, 0, 1, 0, -1, 0, 0, 0, 0)
shape = SubResource("CapsuleShape3D_dtkvi")

[node name="Physical Bone upperarmr" type="PhysicalBone3D" parent="root/Skeleton3D" index="11"]
transform = Transform3D(-0.934298, -0.0974734, 0.343142, 0.354546, -0.146985, 0.923437, -0.0395659, 0.984334, 0.171868, -0.219958, 1.33057, 0.235099)
joint_type = 1
joint_offset = Transform3D(1, 0, 0, 0, 1, 0, 0, 0, 1, 5.69478e-06, 3.44617e-06, 0.130994)
body_offset = Transform3D(1.00009, 3.39374e-06, -7.05943e-07, -4.14811e-06, 6.98864e-06, -1.00001, 7.01472e-06, 1.00001, 4.29153e-06, -5.60284e-06, 0.130995, -4.00841e-06)
bone_name = "upperarm.r"
joint_constraints/bias = 0.3
joint_constraints/damping = 1.0
joint_constraints/impulse_clamp = 0.0

[node name="CollisionShape3D" type="CollisionShape3D" parent="root/Skeleton3D/Physical Bone upperarmr" index="0"]
transform = Transform3D(1, 0, 0, 0, 0, 1, 0, -1, 0, 0, 0, 0)
shape = SubResource("CapsuleShape3D_bc3ya")

[node name="Physical Bone lowerarmr" type="PhysicalBone3D" parent="root/Skeleton3D" index="12"]
transform = Transform3D(-0.966933, -0.256393, -0.0263013, -0.153317, 0.501303, 0.854976, -0.204098, 0.837525, -0.517647, -0.262173, 1.12099, 0.266184)
joint_type = 1
joint_offset = Transform3D(1, 0, 0, 0, 1, 0, 0, 0, 1, -2.26374e-06, 5.69803e-05, 0.103627)
body_offset = Transform3D(1.00006, 0.000111505, 1.15037e-05, 1.17496e-05, -0.00180644, -1.00006, 7.7188e-06, 1.0092, -2.74181e-06, 1.06543e-06, 0.103634, -5.72205e-05)
bone_name = "lowerarm.r"
joint_constraints/bias = 0.3
joint_constraints/damping = 1.0
joint_constraints/impulse_clamp = 0.0

[node name="CollisionShape3D" type="CollisionShape3D" parent="root/Skeleton3D/Physical Bone lowerarmr" index="0"]
transform = Transform3D(1, 0, 0, 0, 0, 1, 0, -1, 0, 0, 0, 0)
shape = SubResource("CapsuleShape3D_msd0i")

[node name="Physical Bone handr" type="PhysicalBone3D" parent="root/Skeleton3D" index="13"]
transform = Transform3D(0.670401, -0.567095, -0.478514, -0.469615, -0.823595, 0.318022, -0.574493, 0.0115264, -0.818431, -0.242626, 1.02118, 0.348694)
joint_type = 1
joint_offset = Transform3D(1, 0, 0, 0, 1, 0, 0, 0, 1, -7.07107e-07, -5.11485e-07, 0.0351803)
body_offset = Transform3D(0.093881, 0.709209, 0.698723, 6.4075e-06, 0.701848, -0.712314, -0.995594, 0.0668699, 0.0658861, -0.0245808, 0.0250598, -0.00231856)
bone_name = "hand.r"
joint_constraints/bias = 0.3
joint_constraints/damping = 1.0
joint_constraints/impulse_clamp = 0.0

[node name="CollisionShape3D" type="CollisionShape3D" parent="root/Skeleton3D/Physical Bone handr" index="0"]
transform = Transform3D(0.983053, 0.154734, 0.0982984, -0.111081, 0.076241, 0.990882, 0.145827, -0.985008, 0.092137, 0.0259853, 0.0313923, -0.0169325)
shape = SubResource("CapsuleShape3D_bqyip")

[node name="Physical Bone upperarml" type="PhysicalBone3D" parent="root/Skeleton3D" index="14"]
transform = Transform3D(-0.935543, 0.0976118, -0.340416, -0.351804, -0.145602, 0.924742, 0.0407379, 0.984983, 0.170437, 0.218386, 1.33064, 0.235166)
joint_type = 1
joint_offset = Transform3D(1, 0, 0, 0, 1, 0, 0, 0, 1, -8.34481e-06, 1.10028e-05, 0.131002)
body_offset = Transform3D(1.00033, 8.29995e-06, -4.07314e-06, -9.23648e-05, -4.05312e-06, -1.00004, 2.2091e-05, 1.00046, 7.15256e-07, 8.88109e-06, 0.131007, -1.11014e-05)
bone_name = "upperarm.l"
joint_constraints/bias = 0.3
joint_constraints/damping = 1.0
joint_constraints/impulse_clamp = 0.0

[node name="CollisionShape3D" type="CollisionShape3D" parent="root/Skeleton3D/Physical Bone upperarml" index="0"]
transform = Transform3D(1, 0, 0, 0, 0, 1, 0, -1, 0, 0, 0, 0)
shape = SubResource("CapsuleShape3D_ohv7f")

[node name="Physical Bone lowerarml" type="PhysicalBone3D" parent="root/Skeleton3D" index="15"]
transform = Transform3D(-0.966304, 0.255892, 0.0286009, 0.156606, 0.495913, 0.854137, 0.204378, 0.829836, -0.519243, 0.260015, 1.121, 0.266677)
joint_type = 1
joint_offset = Transform3D(1, 0, 0, 0, 1, 0, 0, 0, 1, -1.30445e-06, -1.66967e-07, 0.103654)
body_offset = Transform3D(1.00002, -3.38256e-06, 1.80304e-06, -1.49012e-06, -2.35438e-06, -1.00006, -2.83122e-06, 1.00002, 7.36117e-06, 1.11759e-06, 0.10366, -5.96046e-07)
bone_name = "lowerarm.l"
joint_constraints/bias = 0.3
joint_constraints/damping = 1.0
joint_constraints/impulse_clamp = 0.0

[node name="CollisionShape3D" type="CollisionShape3D" parent="root/Skeleton3D/Physical Bone lowerarml" index="0"]
transform = Transform3D(1, 0, 0, 0, 0, 1, 0, -1, 0, 0, 0, 0)
shape = SubResource("CapsuleShape3D_05njf")

[node name="Physical Bone handl" type="PhysicalBone3D" parent="root/Skeleton3D" index="16"]
transform = Transform3D(0.671553, 0.565314, 0.479017, 0.469069, -0.824789, 0.315762, 0.57361, 0.0126514, -0.819052, 0.240209, 1.02136, 0.349298)
joint_type = 1
joint_offset = Transform3D(1, 0, 0, 0, 1, 0, 0, 0, 1, 1.14087e-07, -1.55269e-07, 0.0351605)
body_offset = Transform3D(0.0943157, -0.709057, -0.698825, 8.9407e-08, 0.701957, -0.712231, 0.995562, 0.0671739, 0.0661986, 0.0245709, 0.0250425, -0.00232768)
bone_name = "hand.l"
joint_constraints/bias = 0.3
joint_constraints/damping = 1.0
joint_constraints/impulse_clamp = 0.0

[node name="CollisionShape3D" type="CollisionShape3D" parent="root/Skeleton3D/Physical Bone handl" index="0"]
transform = Transform3D(0.932692, 0.216467, -0.288492, -0.0525608, 0.872908, 0.485046, 0.356823, -0.437235, 0.825532, -0.014508, 0.0268436, -0.0262097)
shape = SubResource("CapsuleShape3D_waj5e")
